16 30

8 5 0

0 0 0 0 0 0 0 0 0 0 0 0 0 0 0 0 0 0 0 0 0 0 0 0 0 0 0 0 0 0 
0 0 0 0 0 8 8 8 8 0 0 0 0 0 0 0 0 0 0 0 0 0 0 0 0 0 0 0 0 0 
0 0 0 0 0 0 0 0 8 0 0 0 0 0 0 0 0 8 8 8 8 8 8 8 0 0 0 0 0 0 
0 0 0 0 0 0 8 8 8 8 8 8 8 8 0 0 0 8 0 0 0 0 0 8 0 0 0 0 0 0 
0 0 0 0 0 0 8 0 0 0 0 0 0 8 0 0 0 8 0 0 0 0 0 8 8 8 8 8 0 0 
0 0 0 0 0 0 8 0 0 0 0 0 0 8 8 8 8 8 0 0 0 0 0 8 0 0 0 8 0 0 
0 0 0 0 0 0 8 0 0 0 0 0 0 0 0 0 0 0 0 0 0 0 0 8 0 0 0 8 0 0 
0 0 8 8 8 0 8 0 0 0 0 0 0 0 0 0 0 0 0 0 8 8 8 8 0 0 0 8 0 0 
0 0 8 8 8 8 8 0 0 0 0 0 0 0 0 0 0 0 0 0 8 0 0 0 0 8 8 8 0 0 
0 0 8 8 8 0 8 0 0 0 0 0 0 0 0 0 0 0 0 0 8 0 0 0 0 0 0 0 0 0 
0 0 0 0 0 0 8 0 0 0 0 0 0 0 0 0 0 0 0 0 8 0 0 0 0 0 0 0 0 0 
0 0 0 0 0 0 8 0 8 8 8 8 8 8 8 8 0 0 0 0 8 8 8 8 8 8 8 8 0 0 
0 0 0 0 0 0 8 0 8 0 0 8 0 0 0 8 0 0 0 0 0 0 0 0 0 0 0 8 0 0 
0 0 0 0 0 0 8 8 8 0 0 8 0 0 0 8 8 8 8 8 8 8 8 8 8 8 8 8 0 0 
0 0 0 0 0 0 0 0 0 0 0 8 8 8 0 0 0 0 0 0 0 0 0 0 0 0 0 0 0 0 
0 0 0 0 0 0 0 0 0 0 0 0 0 0 0 0 0 0 0 0 0 0 0 0 0 0 0 0 0 0 

